1552.0
0,746,2
1,602,2
2,406,2
3,568,2
4,460,2
5,463,2
6,662,2
7,300,2
8,794,2
9,66,2
10,378,2
11,516,2
12,709,2
13,799,2
14,387,2
15,143,2
16,207,2
17,12,2
18,725,2
19,318,2
20,579,2
21,347,2
22,164,2
23,52,2
24,738,2
25,567,2
26,564,2
27,591,2
28,111,2
29,723,2
30,358,2
31,75,2
32,392,2
33,193,2
34,380,2
35,418,2
36,386,2
37,0,2
38,2,2
39,217,2
40,131,2
41,87,1
42,228,2
43,8,2
44,653,2
45,59,2
46,373,2
47,719,2
48,600,1
49,722,2
50,626,1
51,735,2
52,342,2
53,759,2
54,543,2
55,592,2
56,27,2
57,507,2
58,544,2
59,198,2
60,343,2
61,171,2
62,215,2
63,142,1
64,153,2
65,501,2
66,377,2
67,366,2
68,613,2
69,555,2
70,483,2
71,357,2
72,410,2
73,474,2
74,203,2
75,134,2
76,88,2
77,570,2
78,80,2
79,41,2
80,305,2
81,349,2
82,747,2
83,313,1
84,98,2
85,730,2
86,374,2
87,575,2
88,186,2
89,497,2
90,375,2
91,23,2
92,348,2
93,90,1
94,628,2
95,693,2
96,607,2
97,108,2
98,21,2
99,797,2
100,769,1
101,447,2
102,89,2
103,321,1
104,695,2
105,498,1
106,761,2
107,211,2
108,514,2
109,412,2
110,245,2
111,475,2
112,518,2
113,711,2
114,780,2
115,209,2
116,413,1
117,172,2
118,451,2
119,502,2
120,105,2
121,208,2
122,144,2
123,271,2
124,785,2
125,710,2
126,137,2
127,527,2
128,506,2
129,577,2
130,253,2
131,526,2
132,220,2
133,489,2
134,657,2
135,324,2
136,768,2
137,663,2
138,230,2
139,136,2
140,444,2
141,675,2
142,471,2
143,393,2
144,566,2
145,721,2
146,441,2
147,148,2
148,580,2
149,601,1
150,77,2
151,333,2
152,779,2
153,31,2
154,708,2
155,677,2
156,682,2
157,251,2
158,656,2
159,660,2
160,782,2
161,370,2
162,646,2
163,50,2
164,362,2
165,632,2
166,367,2
167,668,2
168,345,1
169,341,2
170,519,1
171,512,2
172,147,2
173,302,2
174,598,2
175,225,2
176,648,2
177,597,2
178,578,2
179,530,2
180,85,2
181,71,2
182,259,2
183,152,2
184,776,2
185,162,2
186,508,2
187,450,2
188,473,2
189,522,2
190,76,2
191,199,2
192,454,2
193,481,2
194,363,2
195,263,2
196,6,2
197,294,1
198,277,2
199,712,2
200,744,2
201,637,2
202,427,1
203,61,2
204,458,2
205,110,2
206,424,2
207,550,2
208,569,2
209,609,2
210,135,2
211,773,2
212,48,2
213,415,2
214,669,2
215,54,2
216,107,2
217,732,2
218,705,1
219,545,2
220,254,2
221,383,2
222,400,2
223,184,2
224,92,2
225,665,2
226,437,2
227,540,2
228,699,2
229,477,2
230,63,2
231,290,2
232,704,1
233,533,1
234,449,2
235,622,2
236,5,2
237,229,2
238,452,2
239,728,2
240,605,2
241,414,2
242,456,2
243,707,2
244,679,2
245,140,2
246,352,2
247,122,2
248,504,2
249,650,2
250,676,2
251,639,2
252,130,2
253,18,1
254,150,2
255,381,2
256,713,2
257,524,2
258,53,2
259,353,2
260,340,2
261,311,2
262,36,2
263,293,2
264,205,2
265,224,2
266,781,2
267,590,2
268,672,2
269,74,2
270,69,2
271,355,2
272,480,2
273,742,2
274,141,2
275,156,2
276,112,2
277,299,2
278,446,2
279,614,2
280,783,2
281,191,1
282,24,2
283,292,2
284,17,2
285,91,2
286,574,2
287,629,2
288,47,2
289,371,2
290,774,2
291,718,2
292,210,2
293,397,2
294,690,2
295,425,2
296,465,2
297,611,2
298,534,2
299,457,2
300,485,2
301,235,2
302,43,2
303,95,2
304,93,2
305,789,2
306,154,2
307,603,2
308,222,2
309,681,2
310,492,2
311,608,2
312,242,2
313,163,2
314,472,2
315,155,2
316,436,2
317,81,2
318,169,2
319,365,2
320,35,2
321,411,2
322,673,2
323,618,2
324,70,2
325,562,2
326,670,2
327,244,2
328,616,2
329,260,2
330,462,2
331,79,1
332,279,2
333,692,2
334,791,2
335,275,2
336,133,2
337,511,2
338,127,2
339,336,2
340,658,2
341,276,2
342,772,2
343,435,2
344,187,2
345,407,2
346,145,1
347,389,2
348,45,2
349,356,2
350,423,2
351,455,2
352,97,2
353,482,2
354,686,2
355,500,2
356,285,2
357,118,2
358,325,2
359,51,2
360,777,2
361,517,2
362,636,2
363,180,2
364,221,1
365,620,2
366,120,2
367,404,2
368,227,2
369,548,2
370,78,2
371,379,2
372,459,2
373,236,2
374,420,2
375,521,2
376,106,2
377,226,2
378,33,2
379,403,2
380,762,2
381,775,2
382,82,2
383,765,2
384,306,2
385,320,2
386,338,2
387,494,2
388,667,2
389,531,2
390,720,2
391,621,2
392,513,2
393,793,2
394,751,2
395,736,2
396,173,2
397,612,2
398,204,2
399,731,2
400,266,2
401,124,3
402,556,2
403,434,2
404,505,1
405,234,2
406,178,2
407,743,2
408,262,2
409,56,2
410,430,2
411,576,2
412,161,2
413,604,2
414,332,2
415,683,2
416,542,2
417,440,2
418,557,2
419,39,2
420,109,2
421,701,2
422,563,2
423,323,2
424,796,2
425,509,2
426,491,2
427,588,2
428,46,2
429,212,2
430,442,2
431,560,2
432,73,2
433,619,2
434,268,1
435,422,2
436,756,2
437,256,2
438,139,2
439,11,2
440,573,2
441,788,2
442,327,2
443,745,2
444,552,2
445,104,2
446,183,2
447,233,2
448,421,2
449,298,2
450,554,2
451,740,2
452,647,2
453,58,2
454,561,2
455,188,2
456,280,2
457,240,2
458,273,2
459,283,2
460,385,1
461,464,2
462,694,2
463,44,2
464,510,2
465,206,2
466,395,2
467,587,2
468,57,2
469,700,2
470,399,2
471,572,2
472,795,2
473,654,2
474,388,2
475,16,2
476,615,2
477,727,1
478,32,2
479,396,2
480,716,2
481,551,1
482,30,2
483,702,2
484,582,2
485,624,1
486,160,2
487,532,2
488,766,2
489,538,2
490,429,2
491,408,1
492,119,2
493,190,2
494,247,2
495,433,2
496,265,1
497,250,2
498,29,2
499,157,2
500,696,2
501,7,2
502,334,2
503,753,2
504,372,2
505,369,2
506,431,2
507,714,1
508,132,2
509,754,2
510,1,2
511,281,2
512,635,2
513,177,2
514,586,2
515,737,2
516,121,2
517,520,2
518,594,2
519,117,2
520,748,2
521,274,2
522,213,2
523,100,2
524,123,2
525,14,2
526,666,2
527,218,2
528,270,2
529,443,2
530,787,2
531,232,2
532,196,2
533,304,2
534,231,2
535,678,2
536,22,2
537,297,1
538,344,2
539,301,2
540,687,2
541,128,1
542,319,2
543,419,2
544,284,2
545,354,2
546,476,1
547,606,2
548,644,2
549,282,2
550,310,2
551,390,2
552,34,2
553,361,2
554,289,2
555,296,2
556,195,2
557,149,2
558,798,2
559,599,2
560,402,2
561,138,2
562,767,2
563,584,2
564,589,2
565,630,2
566,376,2
567,15,2
568,758,2
569,470,2
570,760,2
571,99,2
572,525,2
573,734,2
574,416,2
575,536,2
576,546,2
577,688,2
578,640,2
579,585,2
580,593,2
581,40,2
582,102,2
583,167,2
584,303,2
585,192,2
586,537,2
587,786,2
588,398,2
589,10,2
590,83,2
591,645,1
592,4,2
593,60,2
594,331,2
595,461,2
596,20,2
597,547,2
598,649,2
599,322,2
600,610,2
601,484,2
602,724,2
603,307,2
604,595,2
605,749,2
606,401,2
607,286,2
608,185,2
609,181,2
610,38,2
611,541,1
612,359,2
613,664,2
614,115,2
615,439,2
616,151,2
617,13,2
618,19,2
619,394,2
620,479,2
621,539,2
622,360,2
623,755,2
624,64,2
625,426,2
626,428,2
627,223,2
628,146,2
629,62,2
630,691,2
631,287,2
632,37,2
633,469,2
634,126,2
635,165,2
636,316,2
637,409,2
638,257,2
639,553,2
640,176,1
641,179,2
642,617,2
643,326,2
644,197,2
645,25,2
646,770,2
647,94,1
648,627,2
649,596,2
650,291,2
651,625,2
652,382,2
653,116,2
654,129,2
655,493,2
656,771,2
657,9,2
658,733,2
659,448,2
660,726,2
661,26,1
662,329,1
663,315,2
664,488,2
665,549,2
666,96,2
667,350,2
668,631,2
669,317,2
670,252,2
671,364,2
672,339,2
673,717,2
674,241,2
675,478,2
676,453,2
677,308,2
678,237,2
679,499,1
680,558,2
681,757,2
682,267,1
683,515,2
684,351,2
685,113,2
686,202,2
687,565,2
688,490,2
689,166,2
690,67,2
691,623,2
692,159,2
693,703,2
694,295,2
695,674,2
696,661,2
697,634,2
698,680,1
699,689,2
700,559,2
701,288,2
702,170,2
703,697,2
704,3,2
705,158,2
706,312,2
707,243,2
708,487,2
709,346,2
710,201,2
711,269,2
712,706,2
713,55,2
714,219,2
715,671,2
716,715,2
717,68,1
718,337,2
719,486,2
720,175,2
721,503,2
722,495,2
723,216,2
724,272,2
725,432,2
726,438,2
727,778,2
728,405,2
729,581,2
730,468,1
731,763,2
732,792,2
733,523,2
734,643,2
735,86,2
736,790,2
737,685,2
738,784,2
739,638,2
740,103,2
741,189,2
742,391,2
743,529,2
744,764,2
745,633,2
746,466,2
747,583,2
748,467,2
749,445,2
750,72,2
751,249,2
752,698,1
753,752,2
754,84,2
755,368,2
756,200,2
757,535,2
758,264,2
759,168,2
760,655,2
761,261,2
762,739,2
763,496,2
764,528,1
765,214,2
766,28,2
767,246,2
768,750,2
769,255,2
770,314,2
771,49,2
772,248,2
773,194,2
774,641,2
775,101,2
776,417,1
777,652,2
778,174,2
779,384,2
780,729,2
781,642,2
782,114,2
783,659,2
784,335,2
785,239,2
786,125,2
787,182,2
788,309,2
789,278,2
790,330,2
791,238,2
792,741,2
793,651,2
794,65,2
795,571,2
796,328,2
797,42,2
798,258,2
799,684,2
