1552
0,669,2
1,700,2
2,406,2
3,53,2
4,682,2
5,517,2
6,792,2
7,230,2
8,752,2
9,688,2
10,799,2
11,516,2
12,564,2
13,636,2
14,796,2
15,579,2
16,207,2
17,652,2
18,508,2
19,318,2
20,477,2
21,347,2
22,164,2
23,271,2
24,138,2
25,567,2
26,380,2
27,524,2
28,425,2
29,723,2
30,608,2
31,363,2
32,88,2
33,585,2
34,544,2
35,400,2
36,721,2
37,245,2
38,332,2
39,217,2
40,668,2
41,779,2
42,185,2
43,159,2
44,683,2
45,59,2
46,426,2
47,543,2
48,600,1
49,457,2
50,626,1
51,735,2
52,520,2
53,592,2
54,365,2
55,662,2
56,618,2
57,340,2
58,598,2
59,744,2
60,343,2
61,171,2
62,597,2
63,142,1
64,284,2
65,436,2
66,377,2
67,547,2
68,155,2
69,376,2
70,483,2
71,357,2
72,728,2
73,474,2
74,488,2
75,404,2
76,451,2
77,444,2
78,80,2
79,337,2
80,305,2
81,349,2
82,741,2
83,313,1
84,685,2
85,730,2
86,287,2
87,227,2
88,186,2
89,392,2
90,375,2
91,37,2
92,277,2
93,90,1
94,628,2
95,419,2
96,607,2
97,453,2
98,613,2
99,233,2
100,462,1
101,447,2
102,89,2
103,321,1
104,695,2
105,498,1
106,650,2
107,211,2
108,370,2
109,369,2
110,165,2
111,279,2
112,219,2
113,401,2
114,397,2
115,209,2
116,413,1
117,563,2
118,21,2
119,154,2
120,105,2
121,757,2
122,537,2
123,264,2
124,269,2
125,61,2
126,604,2
127,527,2
128,346,2
129,188,2
130,253,2
131,526,2
132,289,2
133,732,2
134,657,2
135,724,2
136,371,2
137,311,2
138,273,2
139,580,2
140,452,2
141,675,2
142,129,2
143,393,2
144,461,2
145,747,2
146,310,2
147,148,2
148,339,2
149,601,1
150,797,2
151,202,2
152,180,2
153,635,2
154,501,2
155,201,2
156,450,2
157,742,2
158,535,2
159,637,2
160,415,2
161,557,2
162,694,2
163,456,2
164,362,2
165,716,2
166,798,2
167,122,2
168,345,1
169,341,2
170,519,1
171,206,2
172,559,2
173,255,2
174,631,2
175,107,2
176,43,2
177,666,2
178,246,2
179,615,2
180,648,2
181,641,2
182,136,2
183,437,2
184,588,2
185,715,2
186,571,2
187,553,2
188,639,2
189,719,2
190,76,2
191,552,2
192,386,2
193,634,2
194,647,2
195,251,2
196,189,2
197,294,1
198,578,2
199,712,2
200,72,2
201,74,2
202,427,1
203,702,2
204,458,2
205,110,2
206,424,2
207,550,2
208,569,2
209,609,2
210,24,2
211,773,2
212,41,2
213,656,2
214,778,2
215,591,2
216,633,2
217,360,2
218,705,1
219,545,2
220,254,2
221,649,2
222,299,2
223,184,2
224,257,2
225,665,2
226,358,2
227,587,2
228,699,2
229,327,2
230,560,2
231,336,2
232,704,1
233,533,1
234,661,2
235,344,2
236,212,2
237,463,2
238,794,2
239,523,2
240,565,2
241,414,2
242,529,2
243,359,2
244,774,2
245,19,2
246,782,2
247,736,2
248,504,2
249,640,2
250,617,2
251,471,2
252,540,2
253,18,1
254,725,2
255,616,2
256,561,2
257,141,2
258,296,2
259,150,2
260,132,2
261,515,2
262,36,2
263,455,2
264,205,2
265,162,2
266,781,2
267,584,2
268,196,2
269,546,2
270,149,2
271,77,2
272,480,2
273,379,2
274,479,2
275,521,2
276,441,2
277,687,2
278,192,2
279,775,2
280,554,2
281,191,1
282,274,2
283,292,2
284,17,2
285,328,2
286,574,2
287,125,2
288,411,2
289,619,2
290,750,2
291,718,2
292,210,2
293,659,2
294,405,2
295,396,2
296,465,2
297,499,1
298,534,2
299,301,2
300,485,2
301,438,2
302,244,2
303,734,2
304,795,2
305,789,2
306,382,2
307,562,2
308,787,2
309,737,2
310,153,2
311,709,2
312,514,2
313,614,2
314,753,2
315,582,2
316,67,2
317,435,2
318,82,2
319,387,2
320,754,2
321,320,2
322,366,2
323,766,2
324,777,2
325,481,2
326,497,2
327,776,2
328,177,2
329,218,2
330,28,2
331,79,1
332,421,2
333,703,2
334,791,2
335,275,2
336,644,2
337,430,2
338,586,2
339,467,2
340,658,2
341,394,2
342,772,2
343,70,2
344,760,2
345,381,2
346,145,1
347,432,2
348,45,2
349,743,2
350,423,2
351,446,2
352,532,2
353,583,2
354,478,2
355,428,2
356,790,2
357,496,2
358,25,2
359,500,2
360,512,2
361,459,2
362,390,2
363,288,2
364,221,1
365,134,2
366,570,2
367,167,2
368,691,2
369,548,2
370,489,2
371,493,2
372,249,2
373,236,2
374,420,2
375,599,2
376,573,2
377,213,2
378,33,2
379,403,2
380,762,2
381,720,2
382,676,2
383,765,2
384,306,2
385,713,2
386,338,2
387,494,2
388,361,2
389,531,2
390,139,2
391,335,2
392,643,2
393,506,2
394,204,2
395,511,2
396,173,2
397,612,2
398,610,2
399,594,2
400,263,2
401,87,2
402,312,2
403,677,2
404,505,1
405,654,2
406,81,2
407,178,2
408,378,2
409,745,2
410,71,2
411,576,2
412,577,2
413,605,2
414,482,2
415,445,2
416,542,2
417,768,2
418,602,2
419,353,2
420,630,2
421,701,2
422,696,2
423,433,2
424,717,2
425,653,2
426,491,2
427,120,2
428,46,2
429,14,2
430,146,2
431,555,2
432,32,2
433,507,2
434,268,1
435,422,2
436,429,2
437,708,2
438,763,2
439,199,2
440,440,2
441,759,2
442,671,2
443,399,2
444,319,2
445,104,2
446,73,2
447,472,2
448,395,2
449,175,2
450,510,2
451,112,2
452,106,2
453,58,2
454,316,2
455,40,2
456,280,2
457,237,2
458,556,2
459,283,2
460,385,1
461,464,2
462,470,2
463,44,2
464,711,2
465,356,2
466,169,2
467,229,2
468,57,2
469,291,2
470,5,2
471,270,2
472,60,2
473,83,2
474,350,2
475,302,2
476,7,2
477,727,1
478,756,2
479,388,2
480,50,2
481,551,1
482,30,2
483,119,2
484,261,2
485,624,1
486,758,2
487,194,2
488,590,2
489,538,2
490,285,2
491,408,1
492,678,2
493,303,2
494,247,2
495,348,2
496,265,1
497,513,2
498,29,2
499,157,2
500,351,2
501,788,2
502,334,2
503,174,2
504,372,2
505,31,2
506,431,2
507,714,1
508,706,2
509,235,2
510,373,2
511,539,2
512,243,2
513,130,2
514,20,2
515,566,2
516,536,2
517,215,2
518,495,2
519,135,2
520,748,2
521,642,2
522,181,2
523,100,2
524,117,2
525,124,2
526,466,2
527,84,2
528,16,2
529,443,2
530,509,2
531,63,2
532,522,2
533,622,2
534,710,2
535,342,2
536,729,2
537,297,1
538,262,2
539,651,2
540,39,2
541,128,1
542,304,2
543,300,2
544,123,2
545,354,2
546,476,1
547,793,2
548,751,2
549,282,2
550,69,2
551,197,2
552,442,2
553,143,2
554,182,2
555,409,2
556,160,2
557,109,2
558,434,2
559,156,2
560,673,2
561,35,2
562,767,2
563,473,2
564,589,2
565,290,2
566,439,2
567,15,2
568,242,2
569,1,2
570,733,2
571,374,2
572,525,2
573,224,2
574,91,2
575,4,2
576,326,2
577,484,2
578,266,2
579,355,2
580,203,2
581,692,2
582,333,2
583,764,2
584,116,2
585,225,2
586,389,2
587,48,2
588,398,2
589,144,2
590,707,2
591,645,1
592,786,2
593,684,2
594,490,2
595,54,2
596,746,2
597,0,2
598,276,2
599,322,2
600,367,2
601,410,2
602,56,2
603,147,2
604,166,2
605,749,2
606,611,2
607,286,2
608,11,2
609,13,2
610,568,2
611,541,1
612,133,2
613,606,2
614,115,2
615,693,2
616,151,2
617,620,2
618,64,2
619,448,2
620,55,2
621,66,2
622,10,2
623,755,2
624,454,2
625,38,2
626,256,2
627,223,2
628,6,2
629,62,2
630,325,2
631,121,2
632,460,2
633,469,2
634,126,2
635,722,2
636,663,2
637,664,2
638,383,2
639,231,2
640,176,1
641,487,2
642,593,2
643,228,2
644,108,2
645,259,2
646,298,2
647,94,1
648,627,2
649,596,2
650,740,2
651,625,2
652,307,2
653,198,2
654,780,2
655,672,2
656,771,2
657,738,2
658,200,2
659,34,2
660,726,2
661,26,1
662,329,1
663,278,2
664,402,2
665,549,2
666,250,2
667,638,2
668,78,2
669,317,2
670,252,2
671,85,2
672,575,2
673,93,2
674,241,2
675,158,2
676,679,2
677,308,2
678,518,2
679,492,2
680,558,2
681,314,2
682,267,1
683,140,2
684,27,2
685,113,2
686,352,2
687,449,2
688,240,2
689,208,2
690,783,2
691,623,2
692,137,2
693,595,2
694,309,2
695,674,2
696,629,2
697,621,2
698,680,1
699,364,2
700,281,2
701,111,2
702,163,2
703,697,2
704,3,2
705,131,2
706,195,2
707,187,2
708,502,2
709,47,2
710,51,2
711,172,2
712,52,2
713,689,2
714,655,2
715,232,2
716,660,2
717,68,1
718,9,2
719,486,2
720,632,2
721,503,2
722,75,2
723,216,2
724,272,2
725,226,2
726,646,2
727,416,2
728,193,2
729,581,2
730,468,1
731,731,2
732,530,2
733,384,2
734,418,2
735,86,2
736,49,2
737,118,2
738,784,2
739,315,2
740,103,2
741,161,2
742,391,2
743,234,2
744,222,2
745,681,2
746,475,2
747,179,2
748,99,2
749,690,2
750,98,2
751,8,2
752,698,1
753,295,2
754,603,2
755,368,2
756,102,2
757,2,2
758,97,2
759,168,2
760,260,2
761,190,2
762,739,2
763,407,2
764,528,1
765,214,2
766,324,2
767,92,2
768,183,2
769,769,2
770,23,2
771,152,2
772,248,2
773,95,2
774,323,2
775,670,2
776,417,1
777,412,2
778,770,2
779,686,2
780,96,2
781,331,2
782,114,2
783,785,2
784,12,2
785,220,2
786,101,2
787,761,2
788,667,2
789,170,2
790,330,2
791,238,2
792,239,2
793,572,2
794,65,2
795,293,2
796,127,2
797,42,2
798,258,2
799,22,2
