1362
0,383,2
1,3,2
2,64,2
3,345,2
4,382,2
5,292,2
6,440,2
7,567,2
8,158,2
9,571,2
10,273,2
11,625,2
12,306,2
13,570,2
14,424,2
15,81,2
16,554,2
17,398,2
18,521,2
19,632,2
20,51,2
21,649,2
22,63,2
23,166,2
24,54,1
25,235,2
26,349,2
27,251,2
28,116,2
29,267,2
30,1,2
31,326,2
32,375,1
33,311,2
34,618,2
35,369,2
36,159,2
37,209,2
38,546,2
39,365,2
40,236,2
41,591,2
42,287,2
43,653,2
44,650,2
45,597,2
46,552,2
47,242,2
48,261,2
49,474,2
50,606,2
51,551,2
52,288,2
53,522,2
54,396,2
55,97,2
56,635,1
57,277,2
58,36,2
59,453,2
60,643,2
61,196,2
62,410,2
63,215,2
64,231,2
65,582,2
66,111,2
67,458,2
68,301,2
69,258,2
70,130,2
71,452,2
72,52,2
73,394,2
74,368,2
75,161,2
76,17,2
77,229,2
78,581,2
79,455,1
80,74,1
81,329,2
82,172,2
83,356,2
84,542,2
85,435,2
86,472,2
87,170,2
88,432,2
89,423,2
90,337,1
91,327,2
92,321,2
93,670,2
94,274,2
95,411,2
96,72,2
97,330,2
98,417,2
99,619,2
100,22,2
101,65,1
102,280,1
103,660,2
104,361,2
105,284,2
106,305,2
107,202,2
108,19,2
109,252,2
110,388,2
111,290,2
112,254,2
113,315,2
114,621,2
115,569,2
116,421,1
117,563,2
118,281,2
119,463,2
120,445,2
121,179,2
122,219,2
123,628,2
124,200,2
125,539,1
126,171,2
127,469,2
128,12,2
129,86,2
130,135,2
131,395,2
132,25,2
133,276,2
134,341,2
135,253,2
136,603,2
137,109,2
138,190,1
139,577,1
140,121,2
141,545,2
142,516,2
143,204,2
144,611,2
145,334,2
146,678,2
147,436,2
148,629,2
149,180,2
150,669,2
151,558,2
152,126,2
153,590,2
154,21,2
155,304,2
156,151,1
157,612,2
158,448,2
159,543,2
160,699,2
161,291,2
162,509,1
163,607,2
164,146,2
165,104,2
166,212,2
167,679,2
168,633,2
169,529,2
170,10,2
171,491,2
172,316,2
173,102,2
174,230,2
175,122,2
176,425,2
177,300,2
178,239,2
179,115,2
180,556,2
181,143,2
182,246,2
183,318,2
184,241,2
185,199,2
186,222,2
187,429,2
188,420,2
189,697,2
190,598,2
191,662,2
192,524,2
193,557,2
194,451,2
195,32,2
196,302,2
197,687,2
198,58,2
199,39,3
200,404,2
201,517,2
202,446,2
203,340,2
204,693,2
205,698,1
206,471,2
207,515,2
208,38,2
209,62,2
210,177,2
211,255,2
212,174,2
213,599,2
214,11,2
215,409,2
216,308,2
217,333,2
218,648,2
219,37,2
220,205,2
221,694,2
222,505,2
223,555,2
224,614,2
225,317,2
226,596,2
227,508,2
228,444,2
229,561,2
230,480,2
231,269,2
232,125,2
233,600,2
234,127,2
235,283,2
236,343,2
237,295,2
238,103,2
239,96,2
240,26,2
241,605,2
242,49,2
243,583,2
244,624,2
245,310,2
246,351,2
247,373,2
248,426,2
249,534,2
250,221,2
251,24,2
252,20,2
253,461,2
254,48,2
255,98,2
256,354,1
257,680,2
258,220,2
259,249,2
260,386,2
261,507,2
262,2,2
263,120,2
264,430,2
265,585,2
266,9,2
267,584,2
268,549,2
269,580,2
270,147,2
271,141,2
272,483,2
273,397,2
274,688,2
275,671,2
276,667,2
277,124,2
278,402,2
279,579,2
280,587,2
281,67,2
282,427,2
283,42,2
284,320,2
285,518,2
286,243,2
287,690,1
288,185,2
289,510,2
290,99,2
291,132,2
292,357,2
293,593,2
294,499,2
295,637,2
296,182,2
297,547,2
298,119,2
299,364,2
300,75,2
301,293,2
302,183,2
303,363,2
304,531,2
305,250,2
306,28,2
307,296,2
308,493,2
309,79,1
310,626,2
311,14,1
312,88,2
313,40,2
314,392,2
315,270,2
316,601,2
317,519,2
318,237,2
319,520,1
320,595,2
321,68,2
322,257,2
323,576,2
324,672,2
325,408,2
326,211,2
327,639,2
328,8,2
329,87,2
330,13,2
331,176,2
332,406,2
333,45,2
334,589,2
335,113,2
336,689,2
337,285,2
338,617,2
339,186,2
340,4,2
341,140,2
342,248,2
343,238,2
344,206,2
345,437,2
346,181,2
347,376,2
348,168,2
349,128,2
350,675,2
351,53,2
352,367,2
353,77,2
354,511,2
355,138,2
356,541,2
357,162,2
358,324,2
359,387,2
360,389,2
361,673,2
362,536,2
363,550,2
364,447,2
365,279,2
366,360,2
367,512,2
368,537,2
369,217,2
370,384,2
371,380,2
372,684,2
373,46,2
374,498,2
375,456,2
376,137,2
377,644,2
378,502,2
379,150,2
380,100,2
381,416,2
382,467,2
383,586,2
384,262,2
385,60,2
386,34,2
387,56,2
388,268,2
389,372,2
390,465,2
391,245,2
392,43,2
393,167,2
394,145,2
395,620,2
396,101,2
397,15,2
398,462,2
399,415,2
400,57,2
401,668,2
402,691,2
403,479,2
404,486,2
405,613,2
406,362,2
407,256,2
408,604,2
409,616,2
410,652,2
411,488,2
412,494,2
413,481,2
414,460,2
415,338,2
416,431,2
417,312,2
418,651,2
419,322,2
420,218,2
421,187,2
422,344,2
423,473,2
424,71,2
425,244,2
426,503,2
427,353,2
428,470,2
429,496,2
430,240,2
431,553,2
432,399,2
433,443,2
434,610,2
435,289,2
436,449,2
437,403,2
438,66,2
439,475,2
440,535,2
441,263,2
442,133,2
443,594,2
444,163,2
445,157,2
446,400,2
447,482,2
448,134,2
449,23,2
450,532,2
451,608,2
452,682,2
453,18,2
454,299,2
455,50,2
456,433,2
457,412,2
458,485,2
459,90,2
460,59,2
461,148,2
462,530,2
463,41,2
464,107,2
465,35,2
466,69,2
467,487,2
468,459,2
469,31,2
470,336,2
471,681,2
472,685,2
473,73,1
474,565,2
475,405,2
476,297,2
477,189,2
478,490,2
479,656,2
480,184,2
481,609,2
482,165,2
483,92,2
484,44,2
485,203,2
486,278,2
487,95,2
488,683,2
489,381,2
490,454,2
491,631,2
492,661,2
493,142,2
494,677,2
495,264,2
496,55,2
497,272,2
498,5,1
499,655,2
500,592,2
501,366,2
502,514,2
503,623,2
504,259,2
505,401,2
506,325,2
507,110,2
508,379,2
509,7,2
510,275,2
511,390,2
512,33,2
513,191,2
514,0,2
515,61,2
516,260,2
517,696,2
518,216,2
519,645,2
520,575,2
521,489,2
522,548,2
523,228,2
524,654,2
525,476,2
526,666,2
527,523,2
528,210,2
529,328,2
530,153,1
531,439,2
532,526,2
533,149,2
534,319,2
535,647,2
536,131,2
537,16,1
538,108,2
539,674,2
540,492,2
541,506,2
542,178,2
543,419,2
544,225,1
545,385,2
546,544,2
547,117,2
548,352,2
549,527,2
550,233,2
551,622,2
552,657,1
553,271,2
554,466,2
555,636,2
556,84,2
557,313,2
558,495,2
559,160,2
560,226,2
561,393,2
562,207,2
563,391,2
564,282,2
565,638,2
566,346,2
567,646,2
568,112,2
569,70,2
570,105,2
571,663,2
572,659,2
573,562,2
574,118,2
575,568,2
576,323,2
577,560,2
578,232,2
579,347,2
580,83,2
581,377,2
582,464,2
583,658,2
584,602,2
585,559,2
586,197,2
587,164,2
588,136,2
589,642,2
590,540,2
591,27,2
592,309,2
593,692,2
594,139,2
595,213,2
596,152,2
597,234,2
598,533,2
599,169,2
600,348,2
601,378,2
602,85,2
603,214,2
604,227,2
605,627,2
606,93,2
607,294,2
608,572,1
609,566,2
610,298,1
611,457,2
612,129,1
613,497,2
614,578,2
615,224,1
616,208,1
617,331,2
618,428,2
619,194,2
620,438,2
621,501,2
622,676,2
623,154,2
624,91,1
625,468,2
626,29,2
627,564,2
628,332,2
629,247,1
630,358,2
631,573,2
632,76,1
633,665,2
634,359,2
635,513,1
636,286,2
637,434,2
638,504,1
639,335,2
640,307,2
641,686,2
642,641,2
643,355,2
644,342,2
645,407,2
646,198,2
647,538,2
648,528,2
649,192,2
650,442,2
651,350,2
652,450,2
653,30,1
654,695,2
655,370,2
656,114,2
657,266,2
658,123,2
659,201,2
660,374,2
661,500,2
662,82,2
663,155,2
664,634,2
665,414,2
666,223,2
667,615,2
668,477,2
669,441,2
670,413,2
671,418,2
672,371,2
673,144,2
674,630,2
675,664,2
676,525,1
677,303,2
678,314,2
679,78,2
680,80,2
681,574,2
682,339,2
683,265,2
684,94,2
685,640,2
686,193,2
687,175,2
688,106,2
689,422,2
690,173,2
691,47,2
692,156,2
693,195,2
694,89,2
695,188,2
696,484,1
697,478,2
698,588,2
699,6,2
