2906.0
0,4,4
1,2,12
2,441,3
3,237,2
4,36,2
5,121,2
6,8,10
7,256,2
8,166,2
9,7,5
10,14,20
11,13,2
12,396,2
13,215,2
14,331,2
15,528,2
16,19,2
17,348,2
18,18,5
19,372,2
20,23,15
21,427,2
22,311,2
23,536,2
24,22,14
25,29,20
26,26,27
27,225,2
28,318,2
29,575,2
30,32,8
31,501,2
32,31,2
33,194,2
34,42,2
35,39,15
36,35,4
37,424,2
38,380,2
39,190,2
40,44,2
41,137,1
42,315,2
43,43,3
44,111,1
45,422,2
46,405,2
47,48,2
48,260,2
49,47,2
50,459,2
51,235,2
52,156,3
53,53,4
54,50,9
55,59,18
56,207,2
57,55,14
58,304,2
59,33,2
60,174,2
61,63,7
62,411,2
63,168,2
64,64,15
65,69,4
66,508,2
67,303,2
68,65,2
69,164,2
70,412,2
71,70,6
72,556,2
73,73,3
74,68,2
75,30,2
76,299,2
77,75,32
78,480,3
79,76,33
80,82,17
81,254,2
82,45,2
83,457,2
84,83,14
85,321,2
86,3,2
87,253,2
88,85,22
89,88,31
90,94,7
91,527,2
92,16,2
93,91,3
94,355,3
95,367,2
96,585,2
97,229,2
98,95,3
99,97,8
100,81,2
101,103,13
102,266,2
103,66,2
104,100,11
105,105,4
106,38,2
107,198,2
108,297,1
109,106,14
110,110,11
111,330,2
112,112,2
113,497,2
114,176,2
115,115,6
116,116,6
117,587,3
118,261,2
119,353,2
120,120,4
121,479,2
122,171,2
123,255,2
124,124,10
125,128,2
126,204,2
127,96,1
128,125,1
129,378,2
130,160,2
131,130,7
132,58,2
133,131,5
134,202,2
135,369,2
136,139,4
137,351,2
138,389,3
139,138,8
140,250,2
141,531,2
142,332,2
143,140,12
144,144,10
145,149,3
146,151,2
147,146,5
148,462,2
149,432,2
150,152,20
151,93,2
152,155,2
153,454,2
154,154,9
155,440,2
156,157,15
157,158,6
158,553,2
159,371,2
160,161,7
161,71,2
162,345,2
163,363,2
164,163,5
165,307,2
166,189,2
167,165,18
168,167,16
169,359,2
170,221,2
171,173,5
172,489,2
173,172,17
174,449,2
175,178,2
176,591,2
177,286,2
178,177,4
179,67,2
180,181,7
181,184,6
182,133,2
183,191,2
184,9,2
185,185,4
186,247,2
187,79,2
188,186,28
189,549,2
190,339,2
191,193,9
192,192,3
193,60,2
194,463,2
195,209,2
196,513,2
197,271,2
198,195,10
199,197,10
200,201,8
201,203,2
202,466,2
203,54,2
204,104,2
205,206,18
206,208,9
207,258,3
208,488,2
209,218,2
210,417,2
211,542,2
212,214,3
213,377,2
214,212,4
215,217,25
216,49,2
217,277,2
218,205,3
219,219,12
220,281,2
221,220,8
222,187,2
223,222,11
224,21,2
225,228,18
226,595,2
227,414,2
228,398,3
229,227,5
230,84,2
231,233,15
232,294,2
233,34,2
234,230,4
235,584,2
236,236,4
237,475,2
238,239,3
239,362,2
240,5,2
241,78,2
242,129,2
243,241,23
244,244,15
245,540,2
246,272,2
247,248,9
248,210,2
249,245,3
250,473,2
251,577,3
252,211,2
253,252,21
254,251,12
255,259,16
256,579,2
257,1,2
258,257,11
259,471,2
260,262,3
261,263,2
262,145,2
263,183,2
264,101,2
265,265,3
266,503,2
267,268,7
268,426,2
269,80,3
270,360,2
271,468,2
272,312,2
273,270,3
274,273,8
275,275,2
276,565,2
277,278,4
278,10,2
279,534,2
280,282,11
281,41,2
282,280,15
283,231,2
284,415,2
285,238,2
286,285,11
287,287,6
288,408,2
289,562,2
290,249,2
291,477,2
292,291,5
293,544,2
294,290,13
295,295,8
296,298,8
297,569,2
298,52,2
299,582,2
300,301,23
301,302,17
302,583,2
303,141,2
304,28,2
305,472,2
306,309,9
307,232,2
308,306,7
309,517,2
310,11,2
311,310,9
312,136,2
313,269,2
314,314,13
315,148,2
316,319,4
317,391,2
318,316,6
319,418,2
320,392,2
321,322,5
322,135,2
323,323,4
324,397,2
325,567,2
326,535,2
327,327,14
328,328,4
329,98,2
330,484,2
331,334,5
332,102,2
333,333,10
334,159,2
335,246,2
336,123,2
337,338,3
338,56,2
339,336,10
340,342,14
341,340,13
342,317,2
343,99,2
344,276,2
345,347,7
346,559,2
347,349,21
348,87,2
349,386,2
350,520,2
351,279,2
352,400,3
353,352,2
354,350,6
355,465,2
356,358,2
357,357,2
358,119,2
359,292,2
360,361,23
361,51,2
362,213,2
363,494,2
364,364,29
365,365,5
366,545,2
367,368,6
368,196,2
369,274,2
370,223,2
371,370,5
372,505,2
373,560,2
374,373,16
375,126,2
376,547,2
377,437,2
378,375,16
379,379,24
380,383,16
381,564,2
382,493,2
383,510,2
384,384,15
385,387,4
386,114,2
387,388,7
388,374,2
389,394,2
390,434,2
391,393,2
392,390,9
393,343,2
394,324,2
395,460,1
396,325,2
397,395,7
398,558,2
399,399,4
400,86,2
401,401,4
402,326,2
403,402,25
404,117,2
405,406,2
406,142,3
407,407,5
408,337,2
409,344,2
410,438,2
411,506,2
412,450,2
413,410,2
414,413,2
415,490,2
416,419,8
417,530,2
418,416,2
419,596,2
420,423,7
421,6,2
422,308,2
423,420,4
424,57,2
425,107,2
426,429,22
427,428,5
428,453,2
429,180,2
430,430,10
431,425,2
432,433,14
433,448,2
434,502,2
435,439,6
436,598,2
437,436,17
438,289,2
439,134,2
440,443,19
441,444,10
442,283,2
443,92,2
444,403,2
445,62,2
446,447,5
447,525,2
448,445,3
449,162,2
450,451,5
451,27,2
452,452,13
453,354,2
454,24,2
455,588,2
456,442,2
457,456,8
458,455,27
459,226,2
460,170,2
461,234,2
462,574,2
463,461,9
464,464,7
465,469,13
466,264,2
467,571,2
468,467,14
469,366,2
470,474,5
471,122,2
472,0,1
473,470,2
474,182,2
475,143,2
476,476,2
477,478,3
478,72,2
479,518,2
480,483,2
481,335,2
482,482,2
483,25,2
484,485,2
485,486,4
486,487,5
487,77,2
488,216,2
489,404,2
490,153,2
491,491,7
492,573,2
493,492,12
494,132,2
495,499,12
496,346,2
497,20,2
498,329,2
499,495,22
500,522,2
501,500,2
502,12,2
503,421,2
504,504,10
505,320,2
506,409,2
507,507,13
508,509,2
509,376,2
510,300,2
511,431,2
512,511,4
513,514,5
514,551,2
515,519,6
516,516,2
517,113,2
518,458,2
519,313,2
520,46,2
521,498,2
522,293,2
523,524,8
524,523,2
525,529,2
526,188,2
527,526,3
528,496,2
529,288,2
530,590,2
531,532,22
532,533,20
533,89,1
534,305,2
535,538,12
536,243,2
537,539,7
538,108,2
539,521,2
540,593,2
541,541,9
542,543,14
543,127,3
544,37,2
545,546,7
546,179,2
547,446,2
548,548,2
549,74,2
550,61,2
551,554,5
552,175,2
553,552,6
554,242,2
555,557,14
556,199,2
557,555,4
558,200,2
559,341,2
560,169,3
561,537,2
562,481,2
563,563,10
564,561,9
565,15,2
566,566,6
567,568,9
568,385,2
569,381,2
570,570,10
571,572,4
572,550,2
573,109,2
574,224,2
575,150,2
576,578,4
577,382,2
578,512,2
579,576,8
580,580,11
581,40,2
582,515,2
583,581,17
584,90,2
585,118,2
586,435,2
587,586,6
588,589,9
589,147,2
590,594,4
591,356,2
592,284,2
593,592,2
594,296,2
595,599,4
596,597,7
597,17,2
598,267,2
599,240,2
