2092.0
0,1,3
1,4,10
2,228,2
3,213,2
4,472,2
5,319,3
6,6,8
7,435,2
8,9,6
9,369,2
10,258,2
11,10,26
12,423,2
13,330,2
14,14,29
15,208,2
16,135,2
17,323,3
18,18,4
19,15,13
20,3,2
21,488,2
22,24,5
23,20,22
24,93,2
25,136,2
26,467,2
27,25,4
28,35,2
29,26,5
30,30,9
31,31,8
32,16,3
33,400,2
34,189,2
35,483,2
36,416,2
37,37,3
38,264,2
39,38,12
40,44,6
41,428,2
42,199,2
43,184,1
44,40,6
45,47,9
46,343,2
47,46,9
48,322,2
49,150,2
50,50,3
51,181,2
52,53,4
53,67,2
54,371,2
55,58,11
56,469,2
57,55,4
58,445,2
59,301,2
60,252,3
61,239,2
62,63,5
63,62,4
64,160,2
65,66,12
66,337,2
67,124,2
68,188,2
69,65,5
70,74,3
71,73,8
72,81,2
73,241,2
74,207,2
75,79,3
76,177,2
77,76,9
78,327,2
79,355,2
80,281,2
81,36,2
82,80,18
83,82,8
84,267,2
85,88,3
86,339,2
87,89,9
88,378,2
89,52,2
90,280,2
91,257,2
92,91,20
93,349,2
94,90,2
95,171,2
96,346,3
97,96,17
98,201,2
99,99,11
100,103,8
101,100,4
102,277,2
103,425,2
104,334,2
105,192,2
106,363,2
107,117,3
108,107,2
109,108,4
110,111,7
111,113,7
112,95,2
113,48,2
114,306,3
115,77,2
116,69,2
117,118,13
118,115,3
119,11,2
120,122,4
121,456,2
122,179,2
123,120,2
124,173,2
125,195,2
126,287,1
127,329,3
128,126,24
129,125,2
130,216,2
131,132,7
132,130,3
133,219,2
134,220,2
135,119,2
136,7,2
137,139,10
138,259,1
139,137,10
140,141,2
141,166,3
142,145,2
143,143,14
144,123,3
145,146,15
146,295,1
147,148,7
148,247,2
149,299,2
150,495,2
151,154,5
152,412,2
153,152,10
154,85,2
155,159,2
156,131,2
157,333,2
158,83,2
159,158,2
160,106,2
161,161,7
162,163,10
163,386,2
164,226,2
165,104,2
166,168,10
167,29,3
168,151,2
169,169,4
170,399,2
171,170,6
172,354,2
173,300,2
174,174,4
175,481,2
176,175,5
177,282,2
178,64,3
179,178,14
180,236,3
181,182,11
182,180,3
183,484,2
184,185,2
185,54,3
186,448,2
187,272,2
188,187,9
189,186,2
190,193,2
191,194,2
192,292,2
193,202,2
194,121,2
195,198,8
196,142,2
197,197,11
198,459,2
199,391,3
200,491,2
201,424,2
202,293,2
203,200,17
204,203,15
205,368,2
206,133,2
207,206,3
208,444,2
209,205,2
210,211,3
211,370,2
212,314,2
213,210,3
214,479,2
215,156,2
216,215,13
217,342,2
218,218,3
219,430,2
220,290,4
221,221,2
222,313,2
223,28,2
224,224,6
225,204,2
226,474,2
227,229,3
228,225,4
229,43,3
230,230,2
231,232,2
232,172,2
233,405,2
234,212,2
235,238,10
236,235,10
237,475,2
238,105,2
239,438,2
240,32,4
241,157,2
242,244,2
243,403,2
244,240,7
245,248,3
246,374,2
247,165,2
248,249,3
249,190,3
250,13,2
251,34,2
252,227,2
253,251,13
254,250,19
255,128,2
256,255,3
257,23,2
258,256,6
259,167,2
260,461,2
261,262,4
262,261,16
263,222,2
264,102,2
265,176,2
266,265,10
267,429,2
268,394,2
269,269,11
270,274,3
271,279,2
272,289,2
273,273,2
274,92,2
275,12,2
276,276,3
277,413,2
278,275,7
279,243,2
280,39,2
281,283,10
282,86,3
283,140,2
284,284,13
285,61,2
286,129,2
287,288,5
288,285,4
289,101,2
290,60,2
291,291,12
292,114,2
293,191,1
294,294,3
295,485,3
296,385,2
297,260,2
298,298,7
299,297,6
300,364,2
301,75,2
302,303,9
303,302,8
304,410,2
305,305,3
306,307,11
307,233,2
308,443,3
309,447,2
310,310,5
311,266,2
312,311,5
313,494,2
314,234,2
315,318,2
316,231,2
317,316,5
318,45,2
319,112,2
320,162,2
321,358,2
322,17,2
323,324,5
324,320,2
325,326,4
326,455,2
327,402,1
328,325,6
329,153,2
330,51,2
331,331,3
332,332,6
333,196,2
334,381,2
335,366,3
336,338,4
337,382,2
338,462,2
339,335,14
340,340,2
341,49,2
342,422,2
343,223,2
344,341,15
345,347,3
346,359,2
347,348,7
348,397,2
349,395,2
350,350,2
351,8,2
352,138,2
353,465,2
354,352,6
355,309,2
356,409,2
357,356,5
358,308,3
359,357,11
360,493,2
361,68,3
362,362,2
363,296,3
364,361,5
365,353,2
366,365,5
367,436,2
368,183,2
369,367,9
370,373,8
371,454,3
372,473,2
373,19,2
374,372,8
375,498,2
376,72,2
377,110,2
378,376,2
379,379,5
380,384,14
381,27,2
382,408,2
383,246,2
384,383,9
385,388,6
386,268,2
387,389,23
388,271,2
389,304,3
390,390,10
391,419,2
392,393,18
393,237,2
394,5,2
395,398,7
396,433,2
397,253,2
398,97,3
399,396,10
400,312,2
401,270,2
402,2,2
403,404,14
404,401,26
405,487,2
406,407,9
407,321,2
408,406,5
409,496,2
410,263,2
411,411,15
412,217,2
413,109,2
414,414,5
415,415,11
416,418,8
417,453,2
418,214,2
419,209,2
420,421,6
421,420,3
422,84,2
423,149,3
424,245,2
425,254,2
426,144,2
427,155,2
428,426,7
429,427,8
430,434,3
431,432,7
432,21,2
433,317,2
434,22,3
435,437,3
436,351,2
437,147,2
438,71,2
439,439,7
440,286,2
441,116,2
442,442,11
443,336,2
444,441,3
445,449,6
446,87,2
447,94,2
448,446,7
449,464,2
450,478,2
451,452,4
452,450,3
453,380,2
454,440,2
455,457,6
456,98,2
457,451,3
458,458,2
459,328,3
460,463,2
461,42,2
462,460,6
463,431,2
464,56,2
465,41,2
466,468,5
467,466,6
468,392,2
469,78,2
470,0,2
471,387,2
472,470,2
473,377,2
474,471,2
475,476,10
476,164,2
477,278,2
478,360,2
479,477,6
480,59,2
481,375,2
482,480,2
483,482,3
484,33,2
485,127,3
486,486,4
487,489,14
488,134,2
489,344,2
490,417,2
491,490,9
492,345,2
493,492,12
494,70,2
495,315,2
496,242,2
497,57,3
498,499,9
499,497,5
